927.1300,927.9700,913.9000
924.3000,928.0000,916.3600
920.0000,923.0000,915.2400
913.0000,920.8100,908.5200
903.4500,911.1350,900.3800
911.0000,912.9500,897.9800
899.2100,906.2700,897.0840
890.0100,895.4100,887.3400
879.9000,889.1700,878.5000
890.2000,891.0000,877.2700
886.4500,892.0800,885.0000
874.9000,881.8400,874.1910
878.8000,884.6900,876.6500
873.7500,878.0000,870.5701
877.2600,879.6800,864.5100
871.8800,876.3200,863.2500
888.3400,889.8800,873.0700
893.9900,901.0000,883.3100
901.3700,910.8400,897.5000
888.6500,901.0000,888.3500
879.2300,889.4300,878.2800
880.1000,884.7000,874.1300
868.9800,879.6600,865.5000
885.4600,886.0000,869.6500
883.9700,887.0000,879.5200
882.1000,891.0000,880.0901
870.4200,880.0000,865.3200
864.3000,866.3300,847.2200
862.5100,869.4500,857.1300
867.8500,870.5900,854.0700
873.0000,873.9699,855.0200
868.1200,877.0000,867.5200
869.9200,878.9000,866.4100
875.7100,877.9900,864.2900
883.5000,892.1400,880.4000
875.2600,878.8200,871.0100
877.0000,889.9600,874.0000
902.5600,909.3100,886.8800
908.0200,911.6600,897.6100
905.0000,920.6000,905.0000
910.0200,913.4890,900.5200
919.0000,919.9799,902.0100
895.5000,916.3800,894.0200
877.5000,888.6900,877.1400
878.8900,882.4699,873.3810
875.3100,880.5400,872.1600
870.8400,879.6600,868.2300
857.0000,873.8800,852.9100
863.0100,863.8699,850.6700
848.2600,861.8500,848.2600
836.9600,846.8000,836.0000
820.1000,834.5500,819.0500
823.2600,824.7200,816.3600
819.0000,827.6400,817.6800
803.2500,822.7000,803.0000
807.6000,807.7400,796.5800
816.2500,816.4700,807.6300
808.1100,818.0000,808.0000
801.0000,815.5000,800.3600
800.6000,803.9580,775.0000
769.1600,803.4400,766.2600
785.3500,785.8000,761.2601
786.7500,790.8450,778.1000
786.5900,796.0000,783.9200
785.9500,797.0000,777.0200
791.9900,792.1020,782.9300
792.8800,793.1000,784.0600
782.9200,792.3500,776.0000
775.5000,783.7500,773.1100
778.7500,779.5500,768.4000
786.0600,786.9900,776.4000
804.2500,805.7500,791.3000
813.4600,814.2000,800.6680
804.5400,814.8300,804.0000
795.0100,802.2500,793.2500
803.9900,805.3700,793.3000
806.6800,807.0000,801.3300
813.5000,813.9999,807.7900
812.4100,819.2300,806.8200
814.7400,815.2400,809.6400
811.2900,816.9173,809.8500
816.8300,817.5100,811.4400
811.2400,819.2500,806.4500
805.0000,812.7600,801.4700
818.5000,820.3000,813.3400
826.9900,826.9900,817.3900
827.9000,830.6900,822.3100
830.7100,831.8900,823.6700
831.6900,839.7000,831.5000
834.5000,834.9199,825.0500
834.0600,836.6200,829.5800
841.0250,844.0000,828.8100
828.9300,840.1499,828.9000
805.3000,822.8400,805.0000
797.8000,807.1400,796.1500
801.1000,806.9900,801.0300
794.8000,804.7500,791.1100
795.0000,795.9499,784.4000
802.3000,808.4100,790.4900
799.2600,801.2500,793.8000
798.0000,805.4500,791.2200
805.3000,808.9700,791.7940
795.9900,807.0000,795.2800
787.4000,793.2600,787.0700
779.7300,788.7400,777.7700
780.1300,785.3500,779.9700
781.7500,787.9000,779.3700
778.4000,783.0000,773.7500
780.1300,786.6700,779.5600
769.7000,778.8099,765.5000
759.0700,772.9600,758.5000
761.1300,771.1100,759.4650
767.6900,770.4740,758.2700
758.2000,776.6000,758.1000
750.5100,757.6200,750.2500
753.7400,760.9500,752.9100
746.7500,756.9500,746.5400
751.7600,755.6000,747.8900
750.7700,758.4800,750.2500
741.2400,756.8298,740.5090
735.9900,749.0000,735.7900
704.6600,705.3350,695.5200
710.3600,712.7700,701.3300
717.7100,719.6390,711.0200
722.4000,724.3400,713.6700
719.3300,735.0000,712.1000
737.0000,742.2000,722.3500
742.0000,742.4264,736.3000
742.8300,745.0000,733.5000
732.2700,738.3500,728.6000
735.5400,736.2999,724.4300
735.4500,739.3800,730.5800
729.3400,741.4700,727.6801
724.9300,731.9300,720.7200
719.4200,727.0000,716.5500
700.0000,710.5700,696.0000
701.6900,706.9100,700.0100
707.1400,708.8400,698.6100
708.0700,712.8800,702.4100
714.5100,715.1800,707.4700
713.9700,718.8190,710.5200
723.2600,724.6500,716.9715
720.7100,723.0000,716.6800
716.6000,729.1000,715.0500
705.5000,738.2800,704.0200
699.1700,707.8200,698.4300
715.9200,716.4750,699.5500
699.2300,703.5100,693.4800
690.0000,701.9200,687.7200
685.3900,691.6500,683.7900
695.0000,696.8800,682.4190
687.5900,695.6100,684.5100
692.1500,694.5000,682.3301
695.0000,695.5100,685.7000
702.2400,705.8900,694.1110
691.3100,699.2200,685.6900
687.7800,693.9000,682.0000
668.0100,684.9100,663.8900
660.1700,675.0000,658.0000
666.4400,667.0000,659.0200
669.9700,670.0000,666.1000
668.9900,669.8000,660.4000
669.5100,678.0000,664.5700
655.7000,668.9200,655.5300
645.9900,653.0150,636.0000
650.0000,660.0000,643.8960
660.6600,662.1800,650.5000
663.0000,667.6000,658.2300
663.7500,669.8000,660.8700
654.6500,668.3400,650.3000
670.2000,671.4900,651.2300
675.0000,678.2320,666.4900
685.4800,686.5000,677.5500
684.5000,686.8600,675.5600
694.7900,695.5500,687.3700
679.5000,690.9000,678.7200
679.8600,681.0000,675.0000
676.5000,683.0300,671.2000
680.0000,682.0000,673.5100
686.8000,687.0000,675.2700
672.0100,687.3300,672.0000
681.0100,684.6300,669.7000
705.5800,706.7000,672.0000
755.5400,759.4250,676.0000
743.9500,756.3400,740.2600
740.1300,746.9900,736.4601
741.9400,743.8300,730.7010
751.8500,754.8700,744.1000
752.9000,758.5000,750.2900
741.8600,747.5280,738.2900
759.6700,761.3190,742.5300
761.0000,763.5800,754.1500
770.7100,774.3800,765.0050
762.7500,769.8900,759.4000
755.7200,763.9200,752.2000
765.2000,765.9900,750.2700
759.0500,765.0000,756.2100
754.1500,759.3000,751.1500
759.9500,762.8400,751.6500
749.8500,761.2400,741.0000
753.0500,764.8900,747.6600
731.0000,750.0400,730.2500
732.2100,734.9200,730.1200
724.4700,731.3800,721.2200
717.5000,728.5600,716.4100
707.7800,718.6600,706.7800
708.1100,712.8800,705.0000
709.6000,713.0000,707.0100
693.0900,709.0000,690.5400
689.4100,694.9090,680.8800
697.9600,700.6500,691.0000
709.7600,712.8100,698.3900
700.0000,712.2500,697.6700
685.9600,699.8900,684.7302
680.0000,686.5000,679.1400
684.5500,685.0000,673.5000
684.0000,688.5800,680.0400
684.2400,687.3900,680.1800
677.3700,688.9900,676.1500
665.0000,677.6200,664.7400
662.9900,672.0000,659.2400
675.6000,680.4500,674.0800
674.2700,680.4800,671.0000
667.3800,680.6000,666.6980
673.1100,678.0000,662.1680
675.5000,678.8700,672.6600
674.1200,677.2500,671.7000
667.5100,674.6400,667.0800
670.2800,674.2500,664.1000
659.2500,672.8500,659.0000
647.4200,660.1500,646.6800
638.5900,642.2400,636.1300
644.5100,646.3700,641.5202
639.0500,645.8700,638.5000
641.7900,644.2600,636.4700
639.6100,649.3800,639.2200
640.0000,643.7200,636.1400
625.5100,638.0300,623.4100
637.3000,639.5084,631.3800
628.2600,636.5000,628.2200
636.0500,642.6000,629.5000
618.8900,635.0000,617.5000
615.0000,616.8700,610.0300
608.3200,613.3800,605.3700
615.0000,617.9300,604.3400
600.4800,618.3500,598.2500
608.7600,612.9400,598.1800
586.1400,598.4800,586.0000
576.9800,583.6900,576.1300
578.4300,580.6700,568.4000
576.3700,579.1900,571.7808
572.1500,579.1482,568.5500
567.1200,571.9300,562.0900
576.3000,577.8500,564.9400
590.1900,592.4300,578.7400
584.9500,588.6000,581.2500
592.4500,593.5200,582.8200
588.7600,600.0600,588.5400
580.0100,588.4100,578.0000
581.8200,582.9998,576.5000
574.9600,580.1300,572.2000
565.9000,566.2300,557.2100
567.7000,573.9880,566.0200
562.7600,566.6000,559.4800
567.3300,568.0925,557.3500
568.0000,571.4800,565.8200
579.8400,579.8400,563.7300
579.8100,580.0000,573.5100
573.5900,584.2800,573.1201
562.6200,574.2100,559.2500
560.3400,564.5200,557.0900
561.3000,565.0700,556.5201
561.7200,567.0000,558.6800
569.7700,570.3000,558.5800
584.2100,585.3175,566.6900
575.8500,581.0000,574.5800
587.6000,587.8900,577.2500
576.4800,581.9700,573.6100
575.4500,578.1300,566.4700
570.2200,580.4900,570.0100
571.7900,572.6500,568.3500
588.7200,590.0000,579.0000
588.1600,591.9000,583.5300
595.8100,599.1300,588.3200
601.0000,601.7300,588.2800
609.1600,611.9200,598.8680
601.6500,609.6000,597.1200
613.4400,613.8100,596.0000
600.5100,615.6940,600.0000
625.1000,632.4200,596.7000
633.8300,637.8500,621.2300
617.9600,630.1000,615.9400
605.3500,615.0000,603.7500
600.7800,608.5000,600.5800
610.3500,614.5500,604.7700
612.9600,616.1900,610.2300
606.8200,616.3800,601.8100
605.5300,616.9000,600.7000
595.0000,610.5700,595.0000
605.9200,607.8885,596.8100
609.6200,614.8300,608.9500
601.2000,608.1100,600.6100
603.7900,611.6000,600.1900
612.9900,616.0820,600.6100
615.0200,616.7400,610.6000
610.9100,618.0000,609.7000
604.0000,611.3500,602.8800
598.2400,606.6300,597.3200
592.9000,598.4500,590.2000
604.2500,608.8500,595.8300
605.6900,616.2600,599.0000
608.0500,612.8000,602.8100
608.5600,617.6900,607.0100
623.0000,623.8100,601.6600
647.5500,648.9900,623.5400
642.3500,653.1400,640.2600
633.9700,636.0000,631.3000
633.5200,634.5000,624.5500
628.4800,635.3300,625.2900
632.2400,636.4300,628.5700
638.4500,639.0000,631.1000
645.4100,647.9500,638.6400
640.7700,647.5000,634.8400
651.7500,653.4900,641.0000
653.4400,656.5900,644.3000
652.0300,658.5890,651.0800
647.0300,653.5000,644.8000
645.0000,649.4900,639.5400
646.6000,648.5000,640.9000
638.5000,648.8000,631.0000
634.6100,647.3900,632.5100
630.9200,636.0600,627.2700
623.1200,637.2700,621.2410
620.8900,625.9080,620.0500
616.6000,623.5000,614.8300
615.0000,622.7800,613.4600
608.7500,617.8500,605.5520
600.0000,607.0000,599.2600
607.9500,611.9000,600.0000
610.0400,611.5000,606.3500
609.0500,611.1878,605.8600
608.0500,608.8100,593.8400
620.4300,622.4900,611.3800
622.0000,624.0000,620.3200
622.2600,625.7000,618.1500
618.6000,625.6000,615.5000
610.0000,619.7700,607.6800
606.5900,612.3600,605.0600
607.3500,611.6500,605.5100
607.0000,607.9400,600.3500
611.9600,616.7800,606.7100
603.8700,617.8800,602.8800
604.9700,607.6300,602.4000
602.8200,608.8100,597.7300
612.9300,612.9300,602.5600
611.5400,612.0000,604.7600
610.5000,613.8385,610.0200
607.8800,608.1300,604.0000
612.0200,614.5000,609.0000
608.6400,611.3500,604.7417
607.1500,609.3900,603.7622
595.0100,610.8300,594.0100
590.6600,597.0700,588.0500
584.8700,586.4100,582.0800
584.9400,585.5000,579.1400
583.0000,584.0000,575.1500
578.0500,580.0000,573.4000
570.7800,580.3200,569.3300
571.9800,574.4800,564.5500
577.5100,578.7100,566.3800
586.3200,587.6800,578.0000
586.0000,588.6600,583.1600
590.5300,591.0000,581.7000
640.9900,640.9900,631.4600
626.6300,634.0000,622.1200
631.9800,631.9800,625.6800
626.2600,626.9500,621.0600
631.2200,632.8900,626.5000
623.5000,629.3900,621.1240
629.7500,633.8000,616.9100
646.5000,647.0000,621.2300
659.1500,660.0000,649.7900
662.1300,663.9700,656.2300
665.0300,670.2500,660.6200
652.9400,668.1500,652.3700
642.0200,646.7600,642.0200
641.4900,643.0000,635.2000
642.7500,645.0000,638.1000
632.0500,644.4900,632.0000
632.0000,634.6800,630.5600
627.9500,631.7300,627.0100
630.0100,631.8200,618.9600
628.0000,631.8400,627.9900
628.0100,628.5000,620.0000
624.3200,629.3200,621.4700
622.5200,624.0000,618.6900
621.8480,624.3200,612.4900
628.7600,636.5599,622.8500
621.8800,626.1800,620.2900
618.0000,629.1300,617.0100
621.0400,627.4500,615.3000
621.6800,625.6600,618.1000
622.9900,628.6200,620.2400
627.6400,631.9000,622.4000
617.0500,624.0000,616.2600
600.0000,616.0000,599.0000
597.9500,599.5100,592.0900
587.8800,590.3600,581.3300
579.3700,588.8200,576.5000
565.1900,574.2700,561.3300
575.3500,580.2500,570.1100
580.0000,584.9700,575.2400
587.7600,588.5000,572.0900
602.0000,604.5000,593.7500
610.0500,612.2900,596.7800
612.0800,618.3000,610.6100
612.8000,618.0800,610.5000
608.0000,618.0800,607.7800
601.3000,612.0900,598.6000
605.9350,605.9473,591.5600
604.2600,609.3900,598.6600
609.0000,614.3700,603.6000
593.3200,608.7800,592.2300
593.5000,599.7400,592.4300
587.0000,597.5000,583.7200
584.9000,587.9600,580.4800
580.1000,585.5100,576.7500
595.0900,599.6900,591.6700
594.5200,602.3000,594.2500
598.4200,602.7000,593.3000
589.5500,590.1800,572.8600
593.1000,595.0000,582.8500
586.7200,599.9700,586.5000
589.5100,592.7500,586.7000
581.9000,588.8900,579.5100
587.3400,592.0600,579.2200
580.1900,592.5600,577.4000
583.7200,591.8300,578.0000
599.4700,599.6000,587.5700
550.0300,559.0000,548.0200
548.1300,555.2300,544.6300
533.4600,546.8000,533.4600
525.1800,537.4700,523.2000
516.8300,520.5000,510.3000
507.5000,515.2300,502.6000
496.3500,507.8000,480.7700
490.0300,503.4400,480.5960
509.8500,512.0000,495.0000
520.2100,524.0000,514.3800
536.0400,537.3000,519.4100
541.5000,544.0200,527.7000
538.2000,547.0500,536.0500
527.2500,532.9300,513.2500
516.5600,526.4200,514.5000
526.2500,528.7770,514.0000
547.6900,555.0000,538.8600
549.4000,558.5200,542.6700
540.3500,549.9000,535.3800
544.8000,546.8400,543.1400
535.5000,544.9800,534.5600
532.5900,536.9500,525.8200
532.0000,533.8800,523.4000
517.9600,531.9900,517.5000
531.4000,534.6500,521.1900
533.8000,539.1000,531.9000
530.4500,535.9390,527.4000
510.8000,522.7600,510.5000
524.4700,527.9197,520.7300
540.7500,543.8300,531.2160
544.7400,546.3000,536.0000
538.1900,542.9900,530.8100
534.5600,539.4500,533.5620
519.9900,530.4540,513.1400
530.3800,537.2700,518.3000
519.3300,530.0000,517.2300
503.5000,521.4100,499.0580
504.0000,507.0000,494.5300
499.3400,514.8700,490.8600
523.4700,524.8900,500.4900
540.0300,543.6900,530.7700
552.4300,552.4400,530.3000
553.4300,564.9900,546.0500
569.5000,570.5000,560.4000
553.8200,568.5000,548.4100
561.3800,564.1200,547.7300
561.0000,574.6100,541.0100
562.9800,569.0000,544.3500
582.5450,590.0000,562.0000
594.5000,598.8500,577.4700
594.2700,603.0000,583.6260
606.0000,609.6700,591.5700
611.2200,615.5000,599.1800
604.2300,614.9600,603.6900
605.1900,615.9800,603.0000
617.1800,620.9500,604.7500
618.0500,627.4992,617.2180
613.3600,625.4092,613.0000
605.3900,619.5000,604.2700
594.0300,608.0600,594.0100
602.1800,602.8300,595.3500
596.1400,604.6800,595.5300
592.4900,602.0500,592.0000
597.5000,600.2500,588.1601
539.1200,542.0000,526.7300
537.0000,544.0000,536.4840
528.1600,539.4200,526.0000
528.1800,535.9800,525.5000
532.9500,537.6500,527.2700
541.0000,550.6800,535.8800
533.5000,538.5100,533.0400
525.3000,535.4000,525.3000
506.7400,521.1800,506.3800
501.9900,506.6700,501.5000
496.5400,500.2500,492.3800
484.0200,496.2075,484.0200
474.0000,488.4000,473.6000
480.6800,480.7500,473.0200
482.1300,482.8600,473.7300
491.4500,492.3500,486.7300
487.1900,493.9400,484.7340
485.0000,486.2300,479.2300
506.1800,506.6900,484.8000
502.8100,506.5700,496.6700
505.0300,508.3500,500.6100
508.1500,514.0800,506.9900
510.0000,510.2000,502.1700
514.0800,516.6900,509.2900
520.0000,520.0000,515.6400
516.5300,521.2400,515.7800
522.8900,524.6300,518.9900
523.5400,526.8182,519.2500
522.0000,527.6000,521.5000
527.5700,530.3000,522.4800
528.0400,533.1999,525.3100
525.0000,529.0500,523.5000
518.4800,521.7900,516.3000
517.7000,522.1200,515.0000
517.3300,522.7700,517.2500
520.3700,523.9620,518.1500
516.6000,520.0000,513.4000
531.8000,531.9900,523.1300
532.7300,536.5400,529.7200
529.5400,530.3300,525.7000
515.4300,531.2200,515.0300
526.3100,527.2700,516.4000
534.6100,535.9200,529.0500
535.2400,536.9400,530.9100
540.1400,543.5471,533.6900
540.0000,544.4300,537.5400
535.0000,538.4900,531.1000
538.1500,541.4600,535.1800
533.8600,539.4212,531.5000
535.1700,539.0000,533.0200
537.1300,542.0100,529.6300
545.7000,545.7300,537.1200
540.0000,544.1000,538.5100
538.0600,539.2480,534.0800
538.0000,538.1100,534.3500
526.5200,537.4399,525.2100
525.2500,527.0000,522.0100
527.4900,528.2800,522.3900
525.9000,526.8200,521.3900
529.9500,530.8800,520.9000
526.4200,527.6640,519.0000
545.2900,545.7500,530.0600
575.1900,579.4500,572.1000
575.5100,577.6000,571.7500
575.0000,576.9150,568.0500
576.2000,578.1000,573.0000
584.8860,584.8900,578.0600
575.7300,580.6400,574.1900
572.1800,575.1600,568.0000
581.0800,581.4900,565.6800
593.0000,594.7400,583.1000
588.7600,595.1900,588.7600
583.0000,588.1612,581.7400
584.3800,585.5000,580.5819
576.0000,581.8900,573.0100
582.0700,584.9900,574.7100
586.8800,586.9100,579.2400
585.4300,588.3900,578.8000
575.1900,582.4500,572.0000
577.2700,579.2300,572.5100
570.2200,579.8000,569.0200
564.6400,567.9900,559.7400
564.4800,569.0000,560.5400
568.0100,569.7900,551.2801
557.5000,571.0000,555.5000
572.8000,578.2900,568.0200
578.2200,580.0000,573.3300
585.4400,586.6200,579.4500
591.0000,594.5100,585.7510
592.9300,597.9800,590.2000
600.5500,603.6900,587.0000
608.3300,608.9800,600.2000
606.3800,611.4900,605.0000
599.8000,606.0000,595.1900
617.7800,619.2200,599.3035
610.0000,616.4900,608.0100
611.8600,614.7200,609.5000
611.3900,613.0900,601.3500
610.3300,614.7000,604.0000
620.0300,624.9300,607.7700
626.0000,631.1800,624.1800
621.2500,627.2500,620.2800
625.6300,626.5000,622.1000
627.3200,630.0900,623.1000
623.3400,629.6390,620.0400
613.7900,625.0000,613.0000
613.9000,617.5000,611.5600
616.8700,619.4500,612.3400
614.9300,619.6289,614.5123
610.1600,618.3900,609.2100
610.1500,611.4420,606.6100
609.4800,611.4500,606.1300
611.0000,614.3400,607.5300
604.4900,613.3550,603.1110
603.6000,604.4700,595.5500
619.0700,620.3600,599.7600
617.8900,619.7000,613.2519
620.3300,622.4900,615.2800
608.2000,620.6900,606.5200
607.5700,612.4900,601.2300
639.5800,641.7300,611.3600
632.2100,634.0800,623.2900
642.1200,642.9600,629.6600
626.0600,641.9900,625.2700
617.4000,624.2700,617.0800
616.9700,619.6700,614.1600
619.3500,619.3500,614.7700
617.7100,618.8000,614.5000
614.8000,615.3900,608.5600
615.9100,618.2500,610.1300
610.6800,618.4300,610.0500
600.0700,610.3300,600.0500
605.6200,606.1800,600.1200
596.4800,605.5900,596.4800
596.7400,598.4200,592.0300
598.0000,601.3340,597.3901
602.0000,602.4100,598.9200
602.0500,603.8700,598.0100
602.7400,603.7800,599.5000
605.3400,606.0000,602.0300
604.0000,607.0000,603.2800
598.5700,604.7199,597.6150
594.6500,597.8799,588.6565
591.0000,592.5600,587.6700
592.8500,593.7700,588.0700
594.2000,596.4500,589.1501
597.0900,598.2900,592.4800
597.1200,603.0000,594.0900
593.1400,593.9900,590.2900
593.8800,595.5800,589.0000
591.9700,592.5200,583.6900
591.2700,593.0000,586.0000
580.5700,582.0000,576.6100
569.4500,576.4800,568.0000
568.6618,573.3300,565.3501
563.0000,571.5700,562.4000
574.3200,574.3200,553.3100
589.1700,589.8000,579.9500
590.4600,592.9800,587.0000
587.3100,596.6000,587.0500
587.0100,589.0100,578.2000
587.4700,593.4400,582.7500
597.0000,597.8900,590.3400
589.0000,599.9800,588.5600
585.0000,589.5000,581.3690
592.7600,597.8900,583.4500
603.0800,604.0000,594.0500
613.9900,616.9000,601.2093
619.7000,619.8500,614.2100
622.0800,623.0000,617.5100
630.0000,630.8500,620.5110
624.0200,629.4900,623.1300
623.1800,625.4900,621.1100
624.6400,629.9200,622.1000
617.5000,621.8300,613.5021
618.6700,620.0000,614.5800
615.7300,620.6600,611.2100
617.0700,619.0000,612.9900
620.0500,621.0000,613.3000
615.7700,620.0000,612.3300
613.1000,621.2300,611.0300
615.5880,624.7400,614.9700
611.9200,614.8200,610.0500
611.5100,616.0000,606.0000
608.1400,617.3800,607.5000
608.8500,614.8200,602.8600
600.5500,619.6900,600.5500
599.2700,601.6400,591.6000
544.1800,545.2500,537.1100
547.0000,547.4930,542.3300
540.1200,545.9899,537.7900
538.4800,544.6000,537.1700
532.7700,537.6050,527.6200
536.2100,537.2000,529.1400
539.2600,539.9499,529.9410
528.3800,540.0000,526.5500
524.9500,528.2500,518.8501
530.0000,530.6200,523.0000
529.1600,531.8690,518.9200
527.8500,532.9385,524.7110
533.4800,533.5900,518.4500
528.8481,536.8490,528.8478
521.7400,527.8290,518.2600
514.6100,519.6885,511.3000
512.8600,517.7800,511.6800
509.6800,519.9800,508.9100
492.5000,510.4100,492.0600
483.7500,491.2000,481.1800
479.9500,482.4500,479.4100
479.9500,481.8900,478.5000
482.0100,484.7500,480.0800
480.9000,484.3500,479.5300
479.0200,479.7900,475.0801
477.8300,480.4000,470.5800
465.1900,472.4997,464.5100
464.5000,467.5900,463.0200
470.5200,471.8800,467.4400
462.8400,464.4300,460.3100
454.9800,464.9400,452.5000
450.1100,454.8700,448.0000
459.1500,459.7600,452.4210
452.5600,459.9900,447.6500
456.0600,457.2600,450.4400
450.0000,457.8100,450.0000
457.7000,458.3700,450.9200
461.5000,468.2500,457.7300
467.9700,471.5900,461.0201
481.0100,482.5100,467.2500
490.4400,490.8700,481.5500
488.5300,494.7000,486.0300
483.6800,489.8700,480.5019
489.0000,491.1900,486.0100
483.9400,494.7500,482.5100
497.7300,498.0000,491.5000
502.3500,506.0000,498.5700
502.2500,505.5000,501.3632
505.4000,505.7400,496.0500
505.8900,508.6000,503.5590
492.1800,507.0000,491.0500
490.5000,492.4600,486.7600
488.9900,493.2800,486.9400
479.6500,487.3600,479.1400
485.9500,488.8800,479.3300
494.9400,495.2500,482.6700
490.5750,497.5000,490.1700
489.0900,490.7490,484.8800
480.7700,490.5900,480.0100
483.2300,488.9800,482.4800
484.0000,485.7000,475.4301
461.0300,482.9900,460.6000
461.0100,469.6500,457.5200
469.1200,470.5600,459.5200
491.7300,494.7000,482.6800
489.8800,493.8300,486.4600
482.2500,492.9900,480.2800
472.3700,479.4400,471.0800
471.9600,473.2600,462.7800
453.5500,457.3300,449.6600
438.3100,451.2900,435.3800
444.0000,447.6699,433.6300
441.6200,442.2842,436.0000
445.2900,448.4000,433.6300
454.9600,457.8300,444.7200
463.4400,464.5500,451.1200
472.5900,477.5500,469.0100
477.0600,477.6460,470.5600
479.6600,482.7500,473.2610
486.8900,486.8900,478.1600
489.9000,496.6000,485.7300
499.9000,500.9670,484.8900
502.5100,503.4700,498.1300
503.4500,505.8700,496.6900
496.1700,504.0000,496.1100
483.0800,500.4000,482.1800
494.4800,494.5000,483.1900
482.5000,488.7100,481.6200
480.3700,488.5000,475.8400
487.2200,488.8800,472.0000
487.8500,488.8400,477.5400
499.0600,500.9099,483.1500
499.7200,509.2500,496.7000
495.1100,508.0000,494.7000
486.6800,493.8699,481.4600
480.4300,491.0600,480.1200
492.7400,493.4500,483.0000
484.8600,492.3100,481.0500
482.0700,489.7600,475.0000
468.1550,477.4500,464.0100
480.7300,489.7900,476.8000
469.0600,485.0000,464.4000
485.0700,485.5800,473.8015
496.2600,499.4400,487.7400
510.0000,510.9700,497.0700
506.7800,508.3608,498.3500
509.7700,510.9900,496.2500
516.5000,522.0000,510.3700
512.0400,512.0400,502.0000
515.6700,519.8800,508.2200
513.9700,522.8200,512.6000
499.9700,505.3200,481.3300
508.7500,517.5200,460.0000
500.9800,515.7200,500.4701
526.5200,526.7400,504.2100
526.5000,532.9200,525.0800
531.1300,537.6800,525.4400
533.3700,536.5000,526.6700
532.1000,534.8300,521.0300
528.9400,538.3300,527.2350
544.9700,544.9900,529.2100
547.2500,549.3200,542.2700
552.0000,552.5000,543.3500
556.4600,560.2500,552.1600
554.1700,559.6565,551.0600
548.7500,553.9900,545.0000
563.0000,568.8100,549.6300
592.1700,597.8400,588.2870
590.0600,592.3400,584.0100
572.5300,588.8800,571.1300
567.3500,574.0000,566.2200
568.0000,568.7700,564.0000
563.3200,569.8515,560.0500
567.3000,568.7500,561.8600
569.4600,570.8900,565.4000
570.9000,574.8800,569.0000
571.3500,573.4500,565.5500
565.0500,569.7400,562.8100
562.8300,567.6300,560.2800
563.0000,564.7200,560.5700
565.2700,567.3900,560.0201
559.0150,572.0000,558.6600
545.5100,559.8495,539.7000
557.0400,558.3120,542.0000
556.1100,566.8500,554.2800
566.2300,568.0000,557.2800
564.7200,568.4400,562.9600
568.3000,571.4499,564.2501
561.8300,568.4200,560.7600
566.6800,569.4500,556.0000
588.1400,588.2750,579.1600
574.2600,586.2100,574.2000
563.7600,578.5000,562.2100
559.8500,564.6600,556.5000
564.7800,565.1800,561.0100
561.3500,567.6700,559.9000
546.5000,556.1300,546.2000
542.3600,548.1200,539.2500
535.4800,545.6600,535.0100
529.2000,533.2900,527.7400
527.4200,531.7500,523.4800
527.1200,528.4899,520.0000
534.3900,538.4400,530.5100
543.0000,543.6300,532.2900
547.3500,547.5000,541.0000
541.0000,544.0300,539.7000
537.5400,545.0100,536.1400
542.0000,543.4000,537.6100
537.1400,544.1300,534.3000
532.9700,537.1500,530.5000
532.2500,540.4900,529.5000
534.0700,537.7900,527.6900
539.5400,541.5300,535.0700
532.5000,542.0000,531.5301
528.4000,533.4985,522.4600
537.0000,538.0000,525.5600
528.6700,542.1000,528.2300
534.9550,534.9600,527.6100
534.6020,535.8100,530.3000
538.4900,540.9900,525.6100
544.4900,546.9999,530.6000
541.2700,547.6500,535.3100
537.9700,549.6000,536.2900
546.5900,549.8775,535.5100
564.5000,570.6000,534.8600
583.4400,586.8185,572.2510
585.9800,585.9800,575.2900
581.4900,590.4200,576.2900
591.5900,593.5600,578.0400
583.9000,594.2000,582.8100
576.4900,588.3800,573.9000
598.0800,598.1600,588.0000
604.4600,604.4600,594.0400
592.0000,603.2500,589.1100
609.4000,610.0000,592.6500
625.8600,625.8600,606.3600
627.1800,627.8400,621.5400
626.9500,629.5100,624.2400
624.7500,625.4000,619.9800
618.5000,622.7300,618.0100
624.7400,624.8425,618.2900
621.6600,625.9900,618.4800
612.9300,619.5200,612.2705
603.5000,612.8698,602.8500
601.3400,601.5000,598.8500
597.9500,599.8400,595.6700
596.0300,598.9300,595.0000
596.4400,597.6400,593.7600
598.9100,600.3700,596.6400
593.3000,596.3800,590.9900
595.2400,597.3100,592.6101
594.6800,594.7500,587.7300
590.4400,594.7100,590.4100
587.5000,589.3300,583.5800
583.5000,590.6600,582.0000
584.2300,588.6900,581.0000
593.0200,594.8320,579.1800
589.0400,591.4500,585.0000
590.9800,593.0100,586.2200
588.1300,591.2200,583.0000
580.6300,583.6700,577.1100
572.0000,582.4600,570.9700
586.4054,587.0599,582.6900
582.5000,584.2900,576.5400
576.4900,586.6000,575.8600
569.5000,571.6000,569.4000
573.7700,574.0000,570.0000
576.6500,578.7800,572.0700
574.8700,577.5000,573.7200
575.0000,576.9900,572.7800
569.2900,572.5100,566.6100
569.5600,572.9000,565.5000
570.4800,573.5000,565.8600
562.7300,568.7800,562.0000
555.4500,562.5800,554.2300
547.7200,551.7800,545.5000
543.4900,549.7700,542.6640
540.8000,545.5000,536.4200
530.0100,537.5000,528.3001
537.0800,539.4600,528.2410
550.0000,550.1700,534.2400
543.0100,551.8300,541.0000
547.8700,550.0000,538.2500
550.9700,554.5600,544.1600
555.7500,561.6400,550.8900
555.2500,557.8900,551.2000
550.0000,555.0000,548.0000
549.9100,559.3500,549.0000
551.6400,552.9500,540.7000
552.6900,553.6000,548.7300
547.3300,554.7500,544.5300
533.7500,536.9000,527.2700
532.4600,535.5800,530.0000
524.3900,527.4600,521.3800
523.4200,525.7600,519.3201
516.6500,521.5100,514.5000
519.5700,523.2500,513.3400
499.0000,518.9900,497.8100
491.7001,499.3700,491.7001
487.6500,492.4300,483.3400
483.7400,491.7400,482.6000
493.0000,496.4700,487.0000
500.0000,500.1400,487.2400
499.5300,499.7500,493.0100
494.8400,501.5000,493.2950
494.2900,499.9300,492.0000
500.4700,501.4100,493.0000
500.7800,507.0000,497.7100
500.9200,501.9900,497.8100
487.7400,498.9000,486.2200
496.7700,496.9800,491.2300
490.5700,497.3700,487.1500
479.8000,489.3700,478.4800
475.0800,478.9100,472.7100
470.5100,476.8000,470.0500
470.4000,473.3000,467.6300
466.6500,470.9400,462.0000
459.0600,466.2700,458.8000
464.2900,466.9900,455.8400
457.5700,462.6000,455.7800
455.8200,458.2500,455.0000
455.8200,458.3300,452.5900
459.6800,466.8200,454.4200
459.7900,461.8600,458.0000
469.2600,472.3700,463.3800
468.5800,468.5800,460.7300
472.7600,473.0000,466.7000
469.1300,474.3500,468.7200
467.3500,470.0900,464.4250
465.5400,466.0900,462.6500
452.0000,462.1800,451.2300
439.9900,445.0000,438.5605
445.1000,447.7000,442.3200
451.5000,451.9900,443.1205
462.7800,463.1800,456.8900
462.1500,464.7200,458.9100
455.4100,461.7500,454.9200
453.6700,457.2300,452.3780
455.1400,458.4100,453.7900
455.6700,459.4200,454.9900
454.3000,454.8800,448.5300
456.0000,456.9100,447.8800
449.3700,454.0000,448.4300
448.7400,453.9000,447.6400
449.9800,452.7000,442.4300
442.6100,451.4700,442.6100
437.2300,437.8000,431.8850
441.0000,442.8100,436.1000
446.0400,446.7500,437.6100
435.8100,450.4900,435.0000
428.6800,441.2100,425.5000
428.0000,430.2000,423.5000
430.9400,431.9000,425.7200
429.8800,432.8495,426.2500
433.0000,435.4800,426.7000
436.6800,445.7500,434.1000
429.6600,438.6800,428.4900
423.7100,426.7300,420.8700
416.1740,424.5200,415.1800
409.5750,417.3700,408.7000
406.1200,414.4500,405.8000
400.0000,406.0000,398.0600
408.2400,409.1900,395.9801
406.5000,410.6400,401.6600
415.4100,415.4100,406.8100
424.2000,426.4000,418.1500
424.0000,427.2100,418.2200
426.0000,427.8000,422.2400
413.6800,428.2300,413.1100
407.0000,415.9000,406.5100
408.7400,412.2300,406.5600
406.6500,408.9900,402.5500
416.9500,417.4900,401.8901
418.2100,420.4600,414.5800
415.6800,418.6900,413.0000
416.1900,419.7200,411.5600
419.3100,421.0900,415.4200
421.5000,421.5000,414.0000
426.8600,427.7000,421.2100
431.7700,433.7300,428.3700
436.2300,437.8900,426.6700
438.5800,440.5000,431.7600
439.5000,440.9200,434.1200
445.0700,447.3400,439.4600
435.3000,441.2400,434.5000
426.0000,432.4630,424.0000
426.2500,429.9600,423.4000
418.7300,429.6000,418.5300
412.1100,417.2329,410.7000
408.6800,411.6200,404.6100
405.6400,411.8585,404.8100
391.9500,405.0000,390.0000
396.6600,398.6500,392.0005
396.3000,402.8400,393.8370
402.0900,405.6700,395.0000
396.1000,401.6400,393.0000
394.7300,397.3100,385.4000
391.1000,394.1100,389.0905
388.8000,392.2100,384.6900
394.0900,396.3900,388.3500
410.0100,410.9900,395.1100
402.8000,412.0000,401.2000
402.8500,410.1284,395.0000
404.1000,404.9900,392.5000
406.7900,408.2800,401.0000
399.9800,405.0000,397.2500
398.1700,402.4000,394.7900
395.0300,397.5900,391.5500
395.7600,403.7500,394.8000
385.9700,394.9700,385.8300
383.7500,389.0500,381.5400
384.3400,389.4900,382.7500
386.0500,393.1800,380.5000
387.5100,389.7500,381.1100
381.7500,390.0000,379.0100
376.1700,384.3000,376.1000
386.1500,390.6500,375.8900
386.0200,399.8200,384.8100
381.5000,392.9000,381.0200
367.1000,381.0600,364.1600
376.9400,376.9900,365.6000
371.3300,379.1000,370.3000
369.5000,374.3500,366.2500
363.5000,365.0000,356.2100
362.6000,363.7500,355.3100
367.0000,369.8200,361.4021
364.5000,371.7200,358.0000
363.3100,369.7600,360.3200
343.7800,355.2400,340.6100
348.9340,353.5100,346.1760
342.5480,343.8100,336.0550
350.0000,351.9961,345.4700
353.1300,359.1600,348.5000
350.4000,351.3400,336.2500
346.5000,353.8400,344.0000
333.5600,349.4500,333.0300
330.3000,332.9900,326.3400
331.6800,336.0000,327.3800
334.8100,340.0000,328.0537
320.1800,335.3400,319.0900
325.9900,329.7300,318.5900
326.1000,327.4600,319.0301
317.5400,325.0000,313.6500
310.1000,320.0000,305.7100
298.2500,310.5000,294.2500
299.9800,306.5700,289.4500
307.2200,310.1900,294.2490
316.4800,319.0800,302.6400
323.1600,329.0000,315.3800
330.0700,333.6900,322.3500
333.3300,340.6999,326.0000
332.9500,343.8200,331.1100
345.9600,352.4900,337.1600
342.1500,352.3000,338.9200
331.0200,349.6200,330.8900
347.0000,349.8000,329.5500
338.0500,348.9200,335.0000
357.4700,359.8000,341.4100
347.2400,353.3800,340.5200
346.5100,347.0900,339.6900
362.1900,362.9900,355.2300
353.1600,363.6200,351.4800
358.9500,365.0000,353.0000
375.9800,377.5000,357.8900
371.2800,381.0000,367.3000
356.4600,373.8100,355.4400
340.9100,355.3800,337.0000
340.0700,354.4400,339.1700
342.5700,343.0000,333.8285
334.2900,345.0000,332.0000
344.6900,348.8000,336.0010
344.5400,345.0500,340.1100
337.9800,352.3300,336.3100
326.4500,333.8700,324.2700
324.8500,328.0000,320.5600
309.2700,331.9600,304.2200
298.0400,309.3500,295.1500
288.3500,303.5000,288.3500
299.1400,299.5000,282.7500
305.0200,308.2500,295.7000
297.5700,303.5800,286.7900
310.0000,313.8000,297.7500
311.7700,320.6000,310.3900
316.3100,318.9500,310.2300
327.5000,327.5000,313.4000
318.2800,325.1900,317.3400
328.3200,330.9099,318.7500
332.9800,340.7990,326.3900
321.0000,331.2400,315.0000
308.5995,321.8199,305.5000
304.2000,311.0000,302.6101
300.8000,306.8100,298.7100
300.2200,301.3800,291.5800
304.0700,305.2600,298.3100
301.4800,306.3400,298.3800
300.4300,303.3100,296.6700
308.5600,309.5000,290.6300
310.9900,317.7900,309.0000
316.7000,320.3500,309.1100
318.6400,322.1300,312.4200
314.5200,329.5000,311.2700
314.0100,318.4900,305.1100
295.7100,316.4700,294.0000
304.1700,312.8800,297.8000
309.2400,314.9000,304.5100
297.6900,318.0000,297.0100
289.9900,309.4400,282.0000
271.0200,284.2400,264.0200
276.5300,283.4900,268.7700
269.8500,281.3600,265.3400
269.7300,277.7800,262.5801
286.6800,287.3799,265.9830
290.5800,296.4500,288.2801
280.2800,295.4600,276.2000
268.6800,286.6600,267.3200
269.2600,269.9500,249.0100
262.5100,269.3700,247.3000
274.8900,282.9400,259.0400
295.3900,300.1900,278.5800
301.5700,303.7300,285.3500
303.0000,310.1600,297.9500
303.2500,324.9900,302.5600
291.7700,313.0000,280.0000
302.0500,312.4899,287.7600
308.6900,316.3000,300.5210
328.0000,329.4440,309.4700
333.1200,341.1500,325.3310
339.9700,344.4200,325.8100
362.1500,368.8800,341.3100
353.4400,372.3600,345.5000
357.5800,362.9900,341.4300
356.1600,371.9599,354.2700
368.4600,372.0000,358.3700
365.7900,371.0000,352.3700
339.0500,369.3100,328.5100
334.8100,343.0000,325.6000
326.4700,350.4700,324.7400
353.6500,358.0000,337.9900
356.9900,369.6900,344.0000
372.3900,383.7800,362.0000
379.7500,380.9800,359.5900
378.9600,386.0000,363.5500
332.7600,356.5000,309.4400
354.6500,359.0000,338.8300
393.5300,394.5000,357.0000
355.7900,381.9500,345.7500
313.1600,341.8900,310.3000
344.5200,348.5661,321.6700
330.1600,358.9900,326.1100
373.3300,374.9800,345.3700
373.9800,375.9900,357.1600
397.3500,412.4999,383.0700
409.7900,409.9800,386.0000
411.1500,416.9800,403.1000
396.0000,483.6300,396.0000
419.5100,423.5100,380.7100
428.0000,437.1600,421.0301
438.8400,450.0000,435.9800
430.3400,445.0000,430.1100
433.2500,440.7900,425.7201
454.1300,454.1300,429.0000
461.0000,462.0700,443.2800
422.6400,439.1800,410.5000
438.4800,439.1400,413.4400
425.9600,449.2800,425.4900
424.0000,441.9700,423.7100
430.2100,441.9900,429.0000
408.3500,435.0900,406.3800
424.4700,424.4800,409.6800
423.1700,432.3800,415.0000
452.0200,452.9400,417.5501
445.4900,452.4560,440.0800
460.0000,463.2400,449.4000
468.7300,474.2899,459.5800
476.7700,482.1800,461.4200
469.7500,471.0100,462.3300
472.4900,476.4500,470.3300
473.7300,474.8300,464.8400
483.4600,483.4600,470.5900
486.1100,497.0000,481.5000
491.5000,494.8760,489.4800
482.9200,489.8999,479.2700
494.7200,496.6900,482.5701
490.4300,498.2800,486.6300
509.8400,510.0000,495.5101
506.9900,510.6600,505.5000
497.7000,507.6100,496.2900
501.6000,503.5400,493.8800
502.0000,506.1300,498.0000
492.4700,508.8800,491.7800
480.1500,495.7500,475.6900
482.0000,484.0000,476.4100
478.3700,489.7700,472.5100
467.5900,480.0800,466.3300
468.1180,473.0100,461.9000
472.5100,473.2200,462.5000
474.5600,480.8900,471.4400
485.5000,486.0200,472.8100
479.3000,487.2600,478.0000
492.0900,492.0900,475.1300
486.4900,493.1320,481.5000
496.7000,496.8700,475.6200
481.6100,497.2300,478.1000
466.7200,480.2500,465.6005
480.8800,484.0900,465.7000
498.3500,498.9800,478.1900
534.1600,537.0500,524.5000
514.0400,536.5000,510.6000
516.2800,527.5000,501.1000
539.0000,540.0641,515.4500
536.5000,539.5000,519.4300
545.0000,549.5000,530.7210
550.7600,555.6800,540.7300
545.9900,555.1900,540.0000
542.3000,549.0000,535.6000
530.8800,539.2300,527.5000
536.5100,540.3800,526.0600
519.5800,536.7200,517.0000
532.4700,538.0000,523.0600
527.6800,530.0000,515.0900
544.1000,544.9300,528.2600
544.9700,557.7999,543.6700
545.1400,551.1900,535.1000
545.3600,553.1500,542.0200
556.9800,556.9800,544.5100
555.3500,563.7800,550.8100
564.5100,568.9900,559.1600
576.3500,578.0700,568.3800
566.5000,579.1000,566.5000
561.4900,575.7000,561.3360
548.7600,558.0000,546.8800
556.2400,557.3400,544.4600
549.5600,558.8200,546.7800
568.0600,570.0000,545.4000
579.7500,580.7200,567.0000
577.0800,588.0400,576.2100
565.3300,578.0000,564.5500
576.5000,580.4999,560.6100
582.5000,583.8900,571.2701
583.4700,589.9200,581.3000
574.7900,585.8800,573.2000
567.9400,571.4900,561.1000
544.9600,562.6000,543.8500
546.9600,553.0000,537.8100
551.9500,554.2100,540.2500
578.5200,581.4100,547.8900
574.6300,582.4800,572.9100
578.5500,588.8800,573.5200
581.4300,584.6800,578.3200
579.0000,582.9500,575.6100
586.4900,591.1900,575.2500
586.2300,587.9500,578.5500
574.7500,586.7500,568.9100
579.0000,585.0000,571.3000
586.2000,589.3000,578.9100
590.2700,599.4900,576.4300
591.0000,592.0000,583.0000
598.8600,599.0000,587.1300
598.4900,602.4500,579.3000
578.3100,594.9300,576.9720
562.2100,584.8600,558.4700
550.8300,563.4000,550.0100
545.8800,556.8100,539.0000
549.0200,553.0000,542.7300
551.2900,554.4900,540.0200
557.9400,559.3100,540.9500
537.5700,560.8299,537.5600
539.3900,542.5900,530.2900
535.2100,547.7000,524.7700
455.6300,459.3700,446.5200
444.4000,458.2800,441.0000
458.1300,459.7200,443.7200
457.1600,457.4500,450.1500
464.0700,467.2600,455.0100
464.9600,473.8640,461.8500
469.1300,472.0000,457.5400
473.0400,474.1400,462.0100
477.0300,485.4400,473.5300
457.0100,477.8300,456.2000
461.7300,463.2900,448.1300
469.9000,475.7400,460.3900
447.7400,466.5000,446.8700
435.6400,442.6900,432.0100
447.4600,453.5690,434.3100
446.0000,448.6100,440.4900
452.5900,462.8700,449.2900
457.4600,457.4700,446.0000
438.4300,465.7800,437.7200
427.3200,435.7000,417.5000
441.1100,447.5000,431.6700
428.9800,440.8400,425.5301
427.9900,433.7100,412.1100
442.9800,449.3400,430.6200
432.6700,446.9800,428.7800
440.0100,447.8800,438.0700
425.2600,440.1500,424.6500
428.8300,431.0000,413.0400
428.8800,440.0000,426.2400
447.6900,453.3000,431.1800
445.2500,454.1700,444.0000
450.9500,453.3600,435.7800
471.5100,472.7200,450.1100
471.8700,479.7400,464.6500
470.5000,479.0900,467.3600
460.1300,475.4900,459.6400
461.2000,466.4700,446.8500
505.9500,506.5000,485.7400
502.0600,509.0000,497.5501
512.8500,513.2100,499.5000
503.5100,511.0100,498.8200
534.9400,535.0600,506.5000
528.3100,532.6600,524.3300
538.3500,541.0400,531.0000
522.5000,534.9900,518.6900
523.3900,530.6000,513.0300
520.5200,523.7100,513.4000
509.4100,517.7300,508.7000
496.8600,514.1900,494.7600
511.1400,511.1700,497.9300
489.4300,509.0000,488.5200
509.0700,512.7800,492.5500
528.6700,536.6700,510.0000
539.0100,573.0000,534.2901
549.1900,560.4300,543.5100
560.4700,561.3300,540.6700
570.9700,572.2390,548.6000
591.8100,595.0000,566.1800
558.8000,579.6900,554.1400
560.7100,568.0000,519.0000
562.0300,597.5000,561.2000
608.3600,609.9900,598.4500
620.7600,625.7400,598.0100
628.9700,639.9900,601.9300
645.9000,649.0500,635.3800
651.1400,657.4000,645.2500
642.7000,649.4700,630.1100
645.0100,657.2000,640.1100
630.0400,653.3400,622.5100
653.0000,659.9600,631.0000
653.9400,662.2800,637.3500
679.6900,680.9600,655.0000
685.2600,686.8500,676.5200
692.8700,697.3700,677.7301
698.5700,702.4900,690.5800
704.9300,707.9500,696.5400
707.0700,716.0000,700.7383
698.9900,713.2200,698.2100
694.9900,700.7300,693.0600
697.8800,699.2600,693.2400
685.8300,691.0000,680.6100
674.2100,679.5000,669.0000
674.1600,676.7100,652.5000
688.0000,695.4200,663.6700
687.5100,699.7000,687.2600
696.3100,697.6200,681.2100
714.0000,714.3200,688.5000
719.9400,720.9900,698.7800
715.9900,724.8000,714.0000
714.9900,718.0000,710.5000
697.8000,716.5600,697.0100
692.7300,698.9300,687.5000
678.3100,692.0000,677.1201
691.0100,695.0000,681.1400
711.0000,711.0600,682.1100
690.7500,702.7900,687.7700
682.1100,694.3000,672.1400
674.8000,676.4300,650.2600
680.2000,693.4000,665.0000
670.0000,678.2800,668.1100
643.7700,669.9700,642.0801
636.4800,659.1000,632.8700
629.5900,636.7700,618.5000
633.9400,635.4900,616.0200
638.5700,647.5000,624.0000
673.2800,675.4900,636.2700
644.9900,660.9200,632.0700
657.7400,669.9300,626.2100
675.7800,681.8800,661.2100
734.6000,734.8900,677.1800
741.1300,747.2400,723.1400
737.5600,741.7900,725.0000
706.9900,730.2300,706.0700
710.5100,713.5800,697.3400
702.7900,713.7200,701.7800
700.6900,707.0000,696.0400
677.5100,699.9100,677.5100
677.7700,680.0000,672.0900
674.0300,676.5400,668.0600
678.6800,678.9700,663.5500
672.7100,677.4700,659.5600
661.2500,677.6000,660.0000
638.6700,655.0000,636.2800
654.5600,658.4900,643.2300
635.4100,641.3700,628.5000
630.4500,634.0000,621.5900
618.4900,625.9200,611.9900
638.4700,639.8600,615.5500
623.9800,638.4000,618.2400
633.6400,641.4100,609.0000
621.3600,625.6800,616.8000
615.1100,623.7800,608.3900
595.0000,610.2600,593.9500
587.1100,596.0000,587.0100
585.0900,585.0900,577.0600
586.2500,588.9900,580.3600
583.3800,596.8100,580.0100
569.9700,584.3500,569.6100
567.0000,569.5500,564.1200
571.7300,571.7400,565.7800
570.4000,571.7899,563.8100
564.0000,569.5600,562.8600
561.0000,571.4600,560.0000
556.3400,560.7900,552.8300
547.0000,556.8000,546.0301
539.2700,549.4499,538.8600
526.5200,537.2500,524.2700
526.5300,529.2800,524.0700
523.2000,530.2700,522.2200
524.0600,527.2100,523.2200
520.5300,527.9800,519.0000
516.9900,521.6500,515.7300
521.2800,522.0700,510.8800
517.8600,521.2400,516.8000
529.3600,529.8300,518.2400
523.4000,529.4800,522.2500
515.0200,528.0000,514.6200
513.1000,516.5000,511.4700
512.3600,515.4000,510.5780
507.8400,513.3000,507.2300
511.5300,514.9800,505.7900
514.4300,517.4500,511.4000
512.6100,515.5500,508.5000
516.0000,516.1300,507.0000
509.9600,516.2500,509.2500
498.9400,508.1600,497.7700
502.4600,502.5600,496.0000
497.4400,501.0000,491.6500
492.0200,496.4300,480.4600
509.0000,511.6900,496.7100
515.7200,517.4000,508.0000
519.5400,519.7500,513.0300
510.1800,518.7200,505.6300
520.8000,526.8200,514.6300
519.3400,525.7800,517.0900
509.7500,519.8800,509.0400
503.0000,510.1500,502.5000
510.0500,513.2000,503.0000
513.7200,514.9900,509.0000
510.5000,516.5100,508.1400
520.2300,520.4400,510.0000
512.9200,519.3400,510.5000
508.5300,516.6200,505.5000
508.7400,512.5900,498.8800
516.9800,517.0200,505.5600
509.3000,518.6900,507.1100
519.0100,520.0000,512.1500
511.9000,523.1800,509.5000
553.4600,553.5200,542.2400
553.8900,554.5000,543.8100
555.0400,557.7300,552.3800
550.3000,558.5800,549.3100
547.9100,552.6700,547.2500
545.8600,547.3200,540.2200
543.6100,546.5000,540.0100
543.7900,547.0000,541.6500
543.0000,548.7400,540.2600
541.2500,543.8700,538.7300
535.5600,544.4000,532.1500
531.0600,534.4000,527.5000
525.4900,531.8500,524.2000
526.0200,527.4000,519.4600
524.8800,529.5000,523.8000
525.0000,527.9900,519.5600
532.7300,533.2000,526.2400
528.9800,534.9900,523.3800
516.4200,524.9900,516.1000
510.9800,515.2900,506.2800
516.9600,518.7500,509.0600
514.0100,517.2500,511.5400
506.1800,516.0000,504.2400
508.1900,509.0000,501.2300
505.3800,505.8800,501.7000
507.0870,508.5400,498.6900
508.7100,511.6700,503.1700
514.0200,518.2500,510.0000
516.2000,519.6400,509.4600
519.7500,526.5000,512.5100
516.7500,520.7800,515.2600
509.7500,519.0000,506.6100
497.9100,510.5100,497.5900
501.0000,505.0200,497.9300
500.5600,508.7800,497.0600
484.5000,498.8400,483.0000
485.0000,491.8000,484.0000
479.7000,484.9500,477.2700
475.1500,479.2000,471.5000
480.8206,483.4103,473.7500
473.0000,479.0100,473.0000
469.5300,479.2000,466.7200
472.0300,472.7000,469.7500
472.4600,475.2200,470.8100
462.0000,473.1400,459.0200
461.9600,462.5400,457.4100
465.4800,467.5100,460.0000
461.8300,467.0000,461.0000
467.0400,469.4900,461.0200
466.1500,471.7300,463.8800
466.1300,468.1700,464.7300
472.1400,472.8200,466.4700
470.1200,474.8400,465.8800
466.2200,474.0700,465.2900
468.6500,471.0800,465.7300
472.1900,472.8100,464.1700
479.1500,481.3500,471.3800
480.0700,482.4000,478.3300
478.1000,484.4500,477.1100
480.0000,481.3700,476.1100
478.6100,479.9800,475.5500
480.1000,485.0000,478.2600
490.5200,492.5000,482.0200
474.5000,481.9500,469.5900
471.2600,479.9000,469.5300
473.8000,476.3900,471.6000
468.4570,476.9900,468.1500
468.4500,468.7700,463.3600
464.0000,468.0000,462.2400
466.0600,469.4000,462.6100
467.0900,470.7900,465.1600
472.9800,473.0000,465.5900
471.3000,472.0900,469.6200
472.1400,473.0000,469.5800
464.0500,474.2500,464.0000
457.7600,458.5300,452.1200
462.1000,463.4000,456.1400
464.5500,466.0000,455.0000
461.8700,465.4400,460.1500
463.5500,465.2300,460.3400
460.5500,465.0000,455.6200
461.4500,463.3900,457.0800
455.6100,462.1700,452.5300
445.3000,456.5700,445.2150
445.7900,447.6000,443.6000
443.2500,448.5000,440.6300
445.6500,446.7000,439.8900
447.8600,449.8220,443.9400
443.2300,448.6600,439.0000
450.1100,451.9300,442.8300
452.5700,455.2500,451.1100
458.0000,458.4000,450.1000
459.2200,465.5000,454.1000
462.6900,463.1400,454.2900
447.4700,459.0000,447.3800
437.0200,445.5000,437.0000
445.1100,448.7000,438.6800
442.6700,452.4200,440.0000
450.4100,453.6700,443.0400
455.0000,459.8000,447.1700
472.8300,475.2500,463.7500
475.7500,476.9500,467.8000
478.6900,484.2400,474.3900
469.8400,478.6800,467.7400
468.4700,472.7500,464.7100
462.8000,470.1500,462.0600
466.0000,466.1300,460.7200
460.0000,469.1300,459.2200
459.1550,462.7800,457.2600
460.6800,462.3900,455.0200
471.6500,472.6800,461.5000
468.0500,473.7500,465.1500
473.8200,474.3500,468.7800
468.1000,473.3000,467.2600
477.5000,478.0000,466.1900
482.6100,485.0000,477.8100
506.0000,506.0100,481.5300
496.4900,505.0000,495.5100
494.0000,498.0000,491.2200
498.0000,498.7500,490.5000
490.9300,497.9000,487.0300
501.0000,504.5000,485.6600
484.4450,499.5400,483.2900
480.7900,484.7500,477.2900
492.5000,492.6500,478.5000
487.9800,490.7600,486.7400
494.5200,496.4800,487.4300
503.3950,507.7700,494.3800
507.5500,513.0000,503.3000
501.9900,505.0000,500.0000
497.2000,501.7500,496.1800
484.4300,493.5500,482.0400
485.4500,488.2500,481.2000
487.6900,489.8700,482.2000
482.5000,487.5000,478.1100
469.0000,483.9500,468.3500
466.0000,476.6600,461.1100
462.1000,464.4700,459.8600
467.1200,468.5800,462.2500
460.0000,468.0800,459.1000
456.5200,459.4700,454.5900
457.5000,458.6400,452.7300
464.1850,465.2500,452.3405
470.0000,471.5000,462.3300
461.7200,469.3100,458.5000
482.5000,482.7400,460.7200
482.6350,484.1100,479.8400
480.2500,483.7500,477.2600
484.6900,485.5000,477.0200
483.8500,486.3600,480.2800
484.9200,488.9000,483.8000
481.9400,488.6000,480.0000
490.2300,491.8000,482.4200
486.9600,492.4000,484.5200
487.4000,489.4400,484.8900
483.0000,487.4300,479.3500
485.9800,488.3900,478.5000
484.1900,490.4000,481.5500
494.2400,494.7400,482.2500
481.0950,489.8600,477.0300
501.3700,501.7800,484.7500
504.5000,507.5000,504.0000
510.9700,513.0000,505.7800
496.5400,510.0000,495.8300
498.4000,498.4000,492.6500
493.2500,499.6600,493.0000
495.0000,497.6800,492.5600
493.4300,499.8500,491.9300
480.7000,489.9500,480.5000
474.9000,481.1700,474.1400
473.7800,474.7200,470.2900
476.5000,479.4900,471.8600
470.3500,481.7400,468.6000
476.9550,479.0200,471.7700
473.7700,479.6600,472.3300
472.2300,473.7500,465.0615
467.5000,473.7300,466.3800
478.7550,479.1300,465.2600
478.0600,482.1600,473.8400
474.8200,480.4600,470.0100
483.9010,485.2400,472.4900
487.6800,491.9600,484.2000
477.4350,488.5000,475.1100
476.2800,477.8600,471.4100
462.2800,484.6400,460.3700
458.9900,460.1000,453.5900
420.2300,454.9100,419.5700
422.9950,424.7500,417.5000
420.3000,423.7500,416.7020
427.7000,429.2000,421.3400
427.7600,429.5000,425.5600
428.5600,429.6800,424.0000
425.0200,429.9100,423.7600
431.5600,437.8500,422.3900
424.8000,431.9500,423.4200
410.2200,421.9100,409.7501
414.7000,418.2400,410.8600
404.9700,415.7700,403.0500
401.2900,406.4600,398.1900
401.9000,406.0000,400.8000
405.1250,405.6200,401.4100
404.0800,406.9800,400.5400
406.3000,411.2200,402.3700
405.5000,407.6800,401.7700
405.5800,409.4500,402.5000
404.9800,407.4500,401.3600
400.3000,408.4500,399.8600
407.1000,407.3900,394.6200
415.4600,415.4900,392.7400
410.0000,418.6900,409.4700
407.4800,410.0500,406.7400
404.3000,406.2800,401.9300
395.1500,406.7600,395.1000
385.0000,392.7300,384.8800
378.2600,384.6900,377.7700
376.7200,380.7900,376.7200
379.3900,381.7500,377.4000
382.1000,383.1900,379.6600
379.8700,385.4000,377.4400
380.9950,381.2800,377.1900
381.4940,382.1500,378.2000
379.2100,384.6500,378.5100
380.7800,382.3200,377.2000
375.6100,380.9500,375.0000
373.0800,375.3200,372.5000
374.4400,376.4000,372.2600
377.6400,378.2700,372.6600
377.7340,379.2600,374.8400
378.1000,379.0000,375.2200
386.3100,387.0900,380.7500
386.3900,390.0000,383.9200
383.4800,388.4500,382.1200
374.1100,381.6699,372.6000
371.5000,375.1300,368.6700
374.4000,375.2800,368.0000
373.8800,377.6700,372.4600
382.8000,384.6800,376.3600
382.8200,384.5000,379.0900
371.5000,379.7300,371.1500
379.5600,380.6800,371.7500
364.9800,377.9100,363.3600
375.6000,377.1700,365.2000
385.1100,385.7700,375.5100
388.0000,389.1700,383.3100
382.0000,389.5600,381.7300
387.3700,387.4900,377.9500
388.2000,391.9100,383.0000
385.0200,391.3100,383.8000
392.8200,393.8900,381.2100
386.1400,391.7500,377.6900
404.2800,404.4400,385.6600
395.0100,401.1400,394.6600
409.7500,410.5700,397.7400
404.6250,411.0000,403.7200
410.3300,411.4900,398.6100
414.0000,418.3400,406.8300
422.0900,422.7400,416.7300
418.5050,425.0500,413.0300
423.4400,425.2300,416.3800
426.0500,427.8900,415.8800
423.3750,425.3800,421.9800
421.5200,422.8000,415.6400
420.0400,423.7700,419.4500
415.6000,419.3300,412.3300
407.9900,418.2000,405.8200
404.0100,406.4800,401.1300
405.7100,408.0000,401.0100
406.7500,408.3000,403.2500
402.7600,409.7500,400.7400
401.5800,406.0000,388.0000
391.0600,404.0000,389.7500
388.0300,391.8700,386.5100
390.8500,394.8000,386.9800
389.1000,390.9300,388.0000
386.6200,392.2500,383.0000
389.8300,391.1000,378.5200
380.9000,387.0000,378.1200
388.3400,390.4900,381.0000
392.1900,395.4300,385.3500
387.7500,394.2700,378.5900
393.2400,394.8600,386.5000
376.5850,390.0000,376.3000
376.1800,381.4500,374.1500
386.8400,387.0800,377.4500
373.5400,382.9900,371.6000
373.8020,378.2500,366.7800
378.2800,381.0000,371.4500
384.5500,385.8800,380.0300
379.0800,383.0000,372.3100
377.3500,383.4400,371.6100
374.2100,383.8800,373.5600
367.8500,373.0300,365.2500
373.2800,374.5000,360.5700
378.7800,381.8100,370.7100
370.6100,379.8400,370.2200
375.9900,376.8600,369.8900
375.9300,380.1500,368.2500
383.5400,384.8700,373.5500
403.4200,404.7100,384.9800
408.3100,411.7100,401.8600
395.6950,409.0000,393.7500
395.1100,397.1200,390.0500
397.6000,400.6800,391.7800
395.0300,398.8700,392.2100
396.3500,401.5000,390.8800
401.0800,402.4900,388.4000
418.4700,419.4400,398.5500
418.6250,425.7300,416.3000
422.9100,426.9100,419.3900
427.7400,430.0400,423.5300
439.6300,441.0400,426.0000
439.4000,444.7000,436.5200
448.9050,450.7200,436.1700
411.0100,416.0000,408.2000
412.5700,413.6400,406.7300
407.9300,409.8300,401.5000
403.4500,412.5000,400.8400
408.6300,409.7600,400.5000
409.0000,411.3300,405.1900
416.4200,419.1000,406.2200
407.0800,417.1700,405.2500
412.4100,412.8500,404.0200
406.4900,413.8900,405.4300
408.2050,414.5700,402.8200
389.9000,404.9000,388.1400
389.5300,392.4700,387.9300
388.7400,391.8700,384.0300
389.2200,393.5000,383.6100
379.9400,399.0000,379.5100
371.7100,377.8600,371.1700
367.0900,371.7100,365.0000
368.6000,370.0900,362.5100
342.3500,345.7500,340.2000
339.7500,344.1000,337.5000
350.0100,351.6600,339.0800
342.3400,350.0900,341.5400
338.8000,341.7800,334.9300
348.6100,348.7500,337.9000
350.7700,352.3000,340.5300
337.1450,352.3700,332.6200
340.9300,346.1000,335.4500
343.5200,344.5000,331.5500
355.3900,358.5300,341.5000
353.9350,360.0300,350.5411
365.0200,368.4500,358.1500
380.9100,383.4000,367.1400
384.3000,387.2400,375.7600
364.2800,381.1000,362.2000
368.5600,369.4500,361.3000
393.2000,397.5400,338.5100
381.2700,391.7000,380.2800
377.3000,380.0700,373.4900
365.6100,381.2400,365.3900
367.1500,368.9500,363.8600
366.4400,373.5400,365.1100
370.0800,372.1400,363.6200
345.6700,367.0000,344.4900
341.2700,346.0000,337.8300
345.3300,351.6900,342.4000
346.2500,350.6000,341.8900
361.9500,364.5000,353.1400
371.2000,374.4000,356.1100
368.8900,370.6900,354.6700
382.9900,383.7000,363.3450
385.3100,389.9000,379.5600
393.6200,393.9000,372.5700
404.0900,406.5000,395.9800
389.3900,402.0000,387.5200
430.8600,439.6000,423.9730
429.2300,433.2800,425.0000
434.8700,438.2200,428.9800
439.5400,439.9900,423.5600
451.6500,454.2300,429.2200
436.7000,444.9500,434.4800
407.6500,428.3900,405.7300
438.7000,440.0300,394.7400
450.9400,453.4900,433.0000
447.3000,457.3600,443.2500
463.0600,469.9000,462.5300
464.3100,466.8900,461.6100
473.7300,474.9900,461.5000
471.4500,475.1100,469.1800
464.4200,470.2500,462.0400
466.4100,473.4000,460.9400
456.9500,470.5000,453.2400
446.0000,451.5500,441.5000
443.9000,448.9600,439.7500
422.5200,435.6700,418.2200
417.2700,418.2100,413.7400
428.0300,428.7300,419.1700
424.3400,427.7800,421.2600
431.8600,431.8600,422.7600
432.1500,432.5000,428.7800
431.7650,432.8600,425.9300
433.5500,436.8600,420.7100
427.9000,432.2000,424.6700
432.2000,446.2100,420.1100
425.3400,432.5000,422.7500
419.1100,423.1400,416.5000
417.0400,419.7300,415.4900
412.5000,418.0000,411.6400
414.6300,415.2100,409.9500
415.0000,415.7800,408.5600
405.3000,410.6500,402.6400
406.2100,406.7000,399.0100
408.7000,416.4100,401.7000
417.0000,417.5000,404.2800
416.9400,419.5300,413.8600
409.1000,415.4400,408.2900
404.2600,408.4500,395.5600
424.4600,426.4000,402.1400
430.1100,431.2400,422.4400
425.7800,428.7500,425.3000
417.0400,424.7200,415.7800
408.6500,417.3100,406.2300
399.1700,409.9800,393.4900
403.4900,404.5000,399.8500
401.8000,403.8100,399.5300
396.2000,398.8500,394.1100
394.3800,397.0000,390.9500
392.2200,398.2200,391.5300
395.1200,396.9000,388.8500
378.3600,391.3500,377.4300
386.6700,388.2900,378.0300
394.2500,395.5900,388.5800
394.9400,397.4700,392.1500
389.9800,391.7900,385.4500
382.2400,386.5800,381.3800
381.7000,385.0000,377.1700
371.8600,383.9000,369.0100
360.2400,374.7500,359.5100
355.6000,358.9500,355.0200
357.0900,357.0900,351.6800
346.2800,356.0000,346.1900
345.3700,347.4000,342.8600
343.3700,349.3000,342.1900
345.6300,346.4300,333.0000
309.9900,311.1300,301.2100
304.0000,309.8700,303.9600
304.9600,307.9600,302.7400
297.5000,305.2000,294.5600
299.9000,300.2300,292.5400
302.0000,302.0000,290.6850
305.2000,307.1900,299.0000
310.6100,312.6500,304.8600
313.3100,314.8200,309.1500
315.0100,316.6700,310.5400
314.1400,314.4800,310.0900
312.6900,314.9000,308.0000
319.9500,321.2800,310.7400
313.6300,320.1100,312.7900
314.2200,317.5000,312.2900
306.6800,310.7200,306.0800
314.2200,315.1000,305.6000
314.9500,318.4100,313.3800
319.5000,320.9500,312.5600
313.0000,317.2100,312.5900
311.5000,319.2200,310.1700
308.4100,313.7600,305.9600
306.1500,311.3000,305.2300
301.0000,306.0000,300.7100
304.0200,304.5000,299.8700
299.5200,306.7500,297.9100
308.7300,313.2800,300.3000
309.0000,315.5300,306.1700
301.7500,311.4200,301.0000
297.2800,299.1000,296.5600
294.8300,299.2800,293.3600
285.8900,295.5000,285.2800
289.0000,289.3900,286.8000
286.5100,289.9900,286.4400
285.9100,287.5000,285.0000
288.2300,288.5000,284.3600
287.3900,289.5100,285.8800
282.2400,289.1200,282.2400
283.4800,285.0200,282.6600
282.5500,284.0000,279.9700
277.5700,284.7500,276.4500
276.1600,279.7400,274.1200
281.0800,281.4700,273.3500
280.9900,281.4500,279.6200
275.9700,280.5000,275.0000
285.5100,286.5700,284.0000
284.8800,287.7900,283.3400
289.8000,292.7700,283.7700
283.3600,290.2000,281.6400
285.8900,286.5800,280.6200
291.3000,292.3300,284.8800
291.9600,292.6800,288.5100
293.6000,295.6500,290.4900
297.5000,298.5100,291.3100
295.5500,299.0000,295.2500
298.0000,299.7200,295.6000
291.4500,299.5200,291.1200
288.1200,292.5000,288.1000
292.8400,292.8400,286.9900
297.4100,297.4100,293.2800
298.2300,298.2300,292.4000
295.0100,298.0000,292.0900
302.3900,303.2900,294.9600
306.5600,309.2500,296.3300
314.0500,317.8000,311.2100
305.5700,312.6088,301.8000
302.1000,310.3500,301.8000
300.0000,301.9000,297.7500
301.2400,303.4000,299.7800
305.3400,306.7500,300.0700
292.5100,299.2400,292.1000
293.3900,294.4000,290.9300
296.4000,296.6000,291.0200
296.0100,297.5000,294.0500
289.3900,295.8000,288.5100
297.3000,297.6000,291.3800
292.1000,295.9800,290.2300
295.0800,296.2400,289.2200
294.3400,298.9300,291.0400
302.6700,304.3800,292.1500
306.5600,309.2500,302.0000
299.0000,304.4700,293.8600
290.9500,298.0000,289.5800
287.9100,294.8100,286.5000
289.6900,292.3200,288.6700
288.0700,290.3000,284.9700
276.0900,287.6720,271.7300
279.0000,280.3000,275.9000
274.2600,278.3000,273.0700
275.0000,277.3000,267.4300
278.5900,281.2400,277.7500
279.8200,284.1900,276.5200
287.0000,287.2800,280.0200
284.7200,288.5000,280.5600
292.8500,293.1900,278.0000
297.5000,299.5900,290.3000
282.3600,293.7500,281.8300
286.7900,289.3000,277.4100
288.8500,289.7800,284.6000
283.0500,292.8900,282.0200
269.4300,278.4000,269.3700
260.4600,266.0500,259.2500
260.9600,263.7600,258.3000
252.7300,260.9800,250.6300
256.8500,265.4400,253.5000
243.2200,258.1000,242.7100
240.9800,241.6700,239.6500
240.3400,241.1700,238.2700
233.6100,239.9700,233.5200
230.5400,233.4500,230.2000
229.6800,231.6200,228.5700
229.1800,231.0900,227.3200
230.7100,232.2300,228.2000
228.9700,231.9800,227.9300
225.2500,227.8000,224.7200
228.0000,228.5000,225.4300
228.4000,229.2500,226.4700
228.6200,228.6200,225.8800
227.2300,229.8800,226.9990
221.8500,228.1500,221.3200
222.0500,223.7000,220.2100
222.1700,222.2500,217.8200
219.5600,222.0800,217.7100
217.9900,220.8500,216.7400
220.2200,222.0000,218.2900
217.7000,224.7400,217.5200
222.5000,224.0000,214.2600
200.4200,205.0000,199.3200
198.5800,200.5000,195.9100
189.3300,192.0000,188.0300
184.9600,187.8800,183.4900
190.1000,190.3400,184.6600
193.0000,194.3600,190.1000
193.4700,194.3200,189.7300
193.0000,194.4200,189.4100
193.0900,194.8000,192.3200
193.6900,195.1000,191.4500
188.7800,194.6200,188.6400
188.6900,189.6500,187.5800
187.8900,190.2600,187.5700
179.9500,185.3200,179.8400
181.4600,182.9500,179.9900
177.9500,181.3900,177.6400
180.6400,181.4500,179.6000
181.0500,183.2800,178.0700
181.6800,184.8000,180.9500
180.7000,180.8600,179.2000
177.9700,180.2400,177.9700
181.1800,181.9400,177.8500
179.3500,182.1700,177.2500
178.8100,180.4000,178.3100
177.1300,179.6400,175.8000
176.7000,178.6100,175.0100
175.3000,180.0000,174.2100
178.3300,178.4000,172.5700
180.4400,180.9500,177.1500
181.0100,181.2000,177.4000
184.2100,184.6500,180.1600
189.1000,189.8500,184.9700
187.5200,189.6000,187.0300
186.7000,187.2500,185.0700
186.1300,187.7500,184.3100
185.9500,187.6700,184.3600
189.2900,189.7500,185.3900
186.0000,189.8700,185.8500
189.3800,189.9200,185.5100
182.8000,189.8500,182.2300
193.3000,194.4800,188.6600
196.6700,198.9000,190.3900
198.2700,198.8400,196.6600
198.3500,199.7500,196.8100
194.7000,199.3300,194.3000
193.6050,199.8400,193.0800
182.8900,193.0800,181.0000
186.6600,192.3200,186.0700
191.9700,192.2100,185.2500
200.7600,201.6000,189.4600
196.9600,200.0200,194.5300
205.2600,206.4000,195.5100
206.4700,207.7500,202.6000
205.8600,213.3700,205.8100
215.6400,216.8000,203.6600
194.3800,196.6600,190.6300
193.8700,196.3600,191.7200
190.0200,194.7000,186.3400
188.5900,188.8600,185.2000
179.2700,189.4100,179.1500
182.2000,182.2400,176.2900
188.6900,189.3300,180.3200
194.5400,195.3600,188.1200
192.5000,196.2500,192.0000
204.6400,205.3000,196.7100
200.8900,205.0200,198.6600
196.0000,200.0100,194.1300
195.3800,197.3900,194.0500
194.3300,195.9300,190.5000
195.3800,197.7100,193.1800
194.5000,198.1000,191.8300
190.6400,194.2500,188.7800
195.2500,195.9000,187.7200
193.4500,196.9000,192.2300
201.3300,202.9300,193.4800
197.4000,203.6400,195.4600
199.2300,199.8800,192.5600
192.9700,198.2300,191.8500
191.7800,193.5200,191.7800
192.1100,193.5500,191.0100
189.1500,193.3000,189.1000
187.4500,188.6000,186.0000
183.9000,186.8500,183.0100
186.1700,187.8800,183.4000
181.9300,188.4600,181.8700
177.0000,180.5000,176.5500
176.8200,180.4900,175.9500
177.9900,180.6900,176.6600
171.0000,178.8200,169.6000
172.1700,173.1800,169.4500
173.4300,174.8800,171.2900
170.2500,173.5000,168.4700
170.5700,173.6800,168.7300
176.0000,176.2000,170.5500
179.1300,180.7000,176.0200
180.0000,181.0600,177.6000
179.9000,181.5100,178.5500
182.1000,182.5000,179.5500
180.7100,183.0000,180.2500
180.3600,182.9500,177.5100
175.8000,180.0300,175.3200
174.8400,177.2100,172.5100
167.9150,170.8300,166.5000
168.6450,169.5000,161.3100
169.1000,169.9800,166.5200
170.0000,174.4200,165.7300
169.0600,177.5000,169.0000
177.5000,179.4700,170.8300
180.2500,188.3200,178.7500
185.2300,189.8000,177.4000
169.1300,183.7500,167.5700
170.6700,172.5200,166.3300
174.1000,175.2000,165.2700
170.9300,175.4400,169.4000
182.0000,182.3000,168.5500
188.2500,190.4000,183.3500
198.1900,201.6000,190.7500
198.6600,199.2500,193.3400
193.5000,197.6700,191.2700
198.3600,199.9500,190.6000
186.6300,194.3900,185.6000
182.2900,189.5200,181.7700
186.4490,192.6400,180.0000
176.2800,194.4300,172.5500
170.3200,180.1700,164.0800
143.9800,150.1300,141.6200
147.9400,148.9900,139.6000
150.5000,152.4000,147.3500
143.2000,149.2000,141.2100
144.9500,145.5000,141.9500
141.0200,142.3800,138.5600
143.3200,143.5500,140.0800
134.4900,137.6100,133.4000
137.0100,138.8600,133.8500
138.7300,139.6800,137.0200
136.5600,139.8800,136.5500
137.6700,138.4500,136.0000
134.6600,138.5300,132.2400
135.8200,136.8700,134.0300
130.6400,134.2400,128.9000
130.2200,132.3000,129.0000
126.5300,135.0200,126.2300
121.0500,127.4000,120.2100
119.5600,120.8800,117.8000
120.9700,124.1000,119.7600
118.8400,122.6300,117.0200
117.4500,119.6700,116.8100
120.2000,120.4200,117.5100
116.9500,121.6000,116.7700
114.4200,117.4900,113.5500
112.3400,115.8000,111.6500
110.5600,114.2300,110.2000
107.6800,112.0000,106.7900
106.8800,108.4100,106.4600
101.6000,106.5600,101.3000
102.5000,102.7100,101.0000
100.7400,103.0300,100.5000
101.0100,102.0000,99.6100
100.9500,101.7400,99.3200
99.0900,102.3700,98.9400
102.7000,102.9700,99.6700
102.3200,103.7100,102.1600
105.4900,105.4900,102.0100
108.1100,108.6200,105.6900
105.1100,107.9500,104.6600
104.9600,108.0000,103.8800
111.3000,111.6000,103.5700
110.8400,113.4800,109.0500
101.4800,109.0800,100.5000
100.0100,104.0600,95.9600
