426.5200,430.7100,424.1700
425.0100,431.4600,424.8000
427.6500,429.7900,423.4100
422.9500,428.2500,421.1701
419.6000,424.8000,418.2500
413.6000,423.5000,410.3800
420.1100,421.0000,410.6500
420.3900,423.2900,415.3500
420.8600,422.9800,417.4500
409.9600,421.6300,409.4700
402.6900,412.2700,401.2200
391.3600,400.2700,388.8700
399.2500,401.3900,393.5400
403.9000,404.7900,395.6600
405.7000,407.7900,398.8300
407.4000,408.6600,398.0500
418.4900,420.0000,408.1001
419.3000,425.9800,415.1700
431.4000,431.6600,423.0000
431.5600,434.9000,430.2100
431.4400,435.7000,430.3615
435.4000,436.2900,428.5000
432.5000,437.1400,428.7500
439.5000,441.2500,431.5000
435.7400,442.7599,433.3200
444.7300,449.0790,436.8000
436.5000,443.2400,432.7700
445.4700,447.0000,434.0500
445.6500,450.7200,443.7100
453.2200,454.4300,447.3900
450.7300,452.3600,442.4800
452.5000,457.1000,449.5000
445.6500,454.5000,444.5100
440.0000,447.5000,439.4000
449.9000,451.1100,440.8500
440.8500,445.6600,440.3600
435.9500,446.1600,435.7900
444.0500,448.3499,438.2200
438.1500,445.4800,434.2000
431.9100,445.8000,430.1000
439.0500,440.0900,431.0100
423.2400,437.8500,418.9000
439.1600,441.0000,422.3600
453.8500,455.2000,442.1500
451.5100,457.9000,451.5000
457.9700,459.7100,450.4800
459.8100,463.0000,455.5800
459.0400,465.3700,455.8100
464.9700,465.7500,453.7000
455.7100,462.2000,454.3100
451.3100,453.2300,449.1500
441.7800,448.5900,440.6300
444.4600,444.9300,434.3900
435.1000,445.2500,432.0700
420.4500,433.6170,420.0000
409.8100,418.7690,408.2500
411.2250,413.9400,407.0000
393.5400,415.2500,392.5000
403.9900,408.3810,398.8100
392.6400,402.2000,391.2750
387.9700,399.6000,385.1000
404.9900,405.7900,389.7420
420.2700,420.6000,398.1100
421.5700,426.6100,420.5700
427.0000,427.8900,419.5500
434.1500,434.1500,429.0900
433.7200,437.9900,431.2000
428.1000,437.0600,426.0100
426.3600,428.5000,422.7500
424.8500,427.5000,422.4900
424.5000,424.9500,419.6800
433.7600,435.0000,425.2500
431.3700,437.2800,430.3100
427.6000,438.1400,426.4000
441.9000,443.6980,427.7400
449.8200,451.8190,441.6200
456.4600,456.8000,450.7301
465.4400,465.8399,460.5300
464.6900,469.9500,461.7800
454.5800,462.1000,453.1100
450.2200,457.9800,450.1000
457.4200,457.6300,449.5900
459.5000,460.9700,448.5000
441.4500,457.4600,441.2000
437.9300,444.2300,437.2500
432.8300,434.6400,430.4500
428.4500,434.5000,425.3600
435.6000,438.8800,427.5700
429.7500,439.0100,425.1400
429.8000,435.4300,428.6100
424.5000,432.0100,421.0600
434.5100,435.2500,424.4300
421.4800,435.1900,420.7500
427.8000,428.1999,419.0000
438.0000,438.1799,429.9800
444.0500,447.8700,441.4000
448.4300,452.4400,440.6500
443.8200,451.5400,437.6600
453.8500,455.1200,442.5700
449.2500,451.6000,446.6000
446.0000,449.1700,442.8200
457.6900,457.6900,448.8000
461.1000,462.7300,453.8500
468.8500,470.1600,459.9200
464.5200,471.6400,464.0200
467.2100,473.6400,463.2200
479.5100,482.3800,467.7440
476.5000,484.9400,473.2500
474.0000,478.8100,468.2500
463.2500,470.0000,454.1200
456.4700,466.5000,452.5800
444.0500,459.7400,442.2200
453.9100,455.9400,442.0000
459.1100,459.4800,448.3500
456.9800,459.2800,454.9800
457.0000,462.6000,454.5000
458.5000,460.2000,452.1200
437.8250,453.2100,435.8600
451.6900,456.2300,435.0000
460.0000,465.7300,450.2500
508.8100,514.9900,504.7700
504.5600,507.8800,496.6300
498.5160,502.2200,496.4000
510.3100,510.7500,502.0300
494.6400,509.4400,492.5000
498.3000,498.9900,483.3800
502.6800,507.5000,498.5100
521.0000,525.3200,519.0200
528.5500,528.7200,515.5200
522.5000,525.0054,515.9900
529.2100,531.8900,521.2500
522.0000,529.3000,515.2000
536.9650,538.6299,525.8286
547.8800,549.6700,541.0000
553.8200,555.0000,541.6300
510.5300,535.4000,509.0000
510.2900,514.4800,508.1200
513.5400,516.2500,504.6600
519.0000,519.4600,511.1200
520.3500,524.2500,518.7100
512.4700,519.6700,510.2400
530.0000,530.2000,518.8800
531.4700,533.7000,525.5000
525.0000,534.9000,520.2500
508.9300,520.0000,501.2300
514.7500,518.1320,505.5800
531.1500,537.6399,525.8000
547.7700,548.0000,536.2701
539.7700,549.5600,537.3700
525.0000,538.5100,521.5800
553.4000,555.2000,530.0000
528.9400,553.3100,518.6300
568.9100,569.2500,538.7700
581.8000,581.8000,572.1300
593.6500,594.5900,585.5000
586.7900,588.4000,582.6800
590.2150,594.2500,585.2500
577.2700,585.8000,572.2600
589.5500,590.4200,580.1000
575.9000,590.0000,573.7100
567.1700,572.0000,562.6000
564.2500,567.3700,556.6000
571.9100,571.9500,554.5800
540.7100,567.5000,539.8800
525.2000,530.0000,505.7501
537.5300,539.5000,522.6200
545.5000,547.4500,536.1800
538.9100,550.4800,536.3600
554.1500,554.5000,538.6500
540.4200,554.8800,533.7200
560.6300,562.2300,535.2900
573.8350,574.5400,555.7500
590.2300,590.7400,580.0900
583.5150,587.7700,577.6000
595.8900,596.9500,574.7500
598.2200,603.0000,594.1700
594.8800,601.9600,587.7000
609.4300,614.0000,591.0000
620.0000,622.0000,605.5500
621.4400,626.5500,610.6400
631.0000,633.9000,611.7000
612.4200,635.3800,610.7600
631.0500,631.7700,609.6200
639.5900,642.0600,630.0000
648.8700,652.7900,644.0000
635.3700,650.3000,631.0000
632.3500,635.1300,623.8500
629.5600,635.3800,625.3000
646.5000,647.2000,628.1000
639.7400,644.9800,637.0000
638.6500,640.4900,623.5500
646.8800,647.5600,636.1100
665.2000,666.0000,651.2800
671.2500,674.2500,665.5500
664.8600,671.8600,662.6300
661.8100,666.3500,650.6500
671.1600,676.7500,656.5000
678.7500,681.1100,666.7500
664.2900,682.1700,660.3500
668.7400,672.6900,661.2000
688.2600,692.7800,673.0000
686.8600,695.1200,683.0000
702.4100,705.0700,699.3617
699.1600,700.0600,693.6200
700.2600,703.9900,699.5700
699.8800,702.3300,696.4200
699.3500,699.8000,694.6100
689.9550,696.9800,687.8900
677.3700,685.5000,674.7700
666.8500,669.9000,656.0000
665.1100,670.1000,656.5000
680.4500,683.2900,662.1000
678.0500,682.4800,675.7700
673.1700,678.2900,670.8000
675.5700,676.3500,669.6000
665.7600,675.1400,664.5000
667.2500,668.6000,657.2500
670.6400,671.5540,662.8530
675.2500,677.6700,672.6000
674.9770,676.1000,670.6730
679.9900,680.8700,673.5400
659.5100,669.4800,655.5500
666.1100,669.9000,661.1500
654.4200,669.0000,648.1100
670.8200,674.8800,650.3300
650.0100,665.1500,649.9000
640.0000,648.1900,638.8100
631.2100,636.7600,630.5000
631.3000,634.0000,627.7500
631.8700,638.6100,630.2100
623.3900,630.0000,623.2500
618.7100,621.7600,618.7000
617.8500,621.7300,617.8000
619.3900,623.8800,617.1000
622.7700,625.0000,618.0400
617.2900,624.8680,615.2600
613.6300,617.9800,611.5600
602.8400,610.6900,600.2500
615.9050,616.4000,603.0000
603.2300,611.7000,602.7200
590.9200,599.4400,587.8200
575.0100,585.8300,571.5900
579.7600,580.4000,570.3600
574.4600,580.8000,570.0000
607.3800,609.6800,598.5100
594.4000,605.9000,587.7100
613.0300,614.4400,603.7000
611.2800,615.3500,606.0000
606.5900,608.3400,603.5600
610.7900,611.5000,603.1500
605.1200,611.6200,605.0200
